0.0 -0.684149506721123 -0.6263659192642678 -0.3524406549775482 0.0 0.0 0.0 -0.12405955165350945 0.0 0.0 0.0 0.0 0.0
0.0 -0.7073302198430408 -0.6599415635789085 0.17947184682584616 0.0 0.0 0.0 -0.17874828378124658 0.0 0.0 0.0 0.0 0.0
0.0 -0.5789820286249464 -0.48495215549518167 -0.6026139481606585 0.0 0.0 0.0 -0.2577938069313187 0.0 0.0 0.0 0.0 0.0
0.0 -0.7548108095665362 -0.48082832999501907 -0.3802430394056986 0.0 0.0 0.0 -0.2334094895655003 0.0 0.0 0.0 0.0 0.0
0.0 -0.6862247374983119 -0.697442107628427 -0.18241417072739938 0.0 0.0 0.0 -0.09692877008414948 0.0 0.0 0.0 0.0 0.0
0.0 -0.6776727077159809 -0.3848715854134333 -0.554459488131257 0.0 0.0 0.0 -0.2919045048975183 0.0 0.0 0.0 0.0 0.0
0.0 -0.6568953045714395 -0.697712881808963 -0.21896510152381318 0.0 0.0 0.0 -0.18368336262300458 0.0 0.0 0.0 0.0 0.0
0.0 -0.37280361983942195 -0.3346770566924439 -0.723677614982407 0.0 0.0 0.0 -0.47465717979577815 0.0 0.0 0.0 0.0 0.0
0.0 -0.2425598573068615 -0.7195413102365735 -0.5659730003826766 0.0 0.0 0.0 -0.32109123520292554 0.0 0.0 0.0 0.0 0.0
0.0 0.554062807070957 -0.3615581473610104 -0.5540628070709557 0.0 0.0 0.0 -0.5052766744251888 0.0 0.0 0.0 0.0 0.0
0.0 0.54405940101064 0.35717934590113204 -0.54405940101064 0.0 0.0 0.0 -0.5295485352689843 0.0 0.0 0.0 0.0 0.0
0.0 -0.764844786448869 -0.5331365699775635 -0.28288779772766387 0.0 0.0 0.0 -0.22528280957794988 0.0 0.0 0.0 0.0 0.0
0.0 0.0 0.8519359117256775 0.0 0.0 0.0 0.0 -0.523646065880513 0.0 0.0 0.0 0.0 0.0
0.0 0.4872143244577654 0.04592332967149036 -0.4872143244577654 0.0 0.0 0.0 0.7232810324335972 0.0 0.0 0.0 0.0 0.0
0.0 -0.5147937731533906 -0.5907307889636919 -0.1451982437099303 0.0 0.0 0.0 0.604104275863349 0.0 0.0 0.0 0.0 0.0
0.0 -0.792438954062592 -0.5651146432206519 -0.15094075315477945 0.0 0.0 0.0 -0.17292435669635567 0.0 0.0 0.0 0.0 0.0
0.0 -0.7483797074218932 -0.6218989368711945 -0.21108145593950792 0.0 0.0 0.0 -0.09281241725144847 0.0 0.0 0.0 0.0 0.0
0.0 -0.7782390892985487 -0.571567047553244 -0.23246102667359245 0.0 0.0 0.0 -0.11669147833879231 0.0 0.0 0.0 0.0 0.0
0.0 -0.607135621545635 -0.7220428144681765 0.2660481937110087 0.0 0.0 0.0 -0.19813851152256975 0.0 0.0 0.0 0.0 0.0
0.0 -0.7974410461734421 -0.5299169229150438 -0.25182348826529755 0.0 0.0 0.0 -0.1409282208926062 0.0 0.0 0.0 0.0 0.0
0.0 -0.7351767559329664 -0.6008182965005714 -0.2583053466791504 0.0 0.0 0.0 -0.17835599233834226 0.0 0.0 0.0 0.0 0.0
0.0 0.39579364156788066 -0.029166982941817 -0.39579364156788066 0.0 0.0 0.0 0.8281570344415025 0.0 0.0 0.0 0.0 0.0
0.0 0.1829028574415004 -0.10922756109978583 -0.8863753860626564 0.0 0.0 0.0 -0.4110408247585679 0.0 0.0 0.0 0.0 0.0
0.0 -0.5426501838841288 -0.6100885000957622 0.5426501838841289 0.0 0.0 0.0 -0.1971131094370568 0.0 0.0 0.0 0.0 0.0
0.0 -0.5314391266733908 -0.6359983159151418 0.5314391266733908 0.0 0.0 0.0 -0.1750744168470964 0.0 0.0 0.0 0.0 0.0
0.0 -0.5374765281894169 -0.611629893725345 0.5374765281894168 0.0 0.0 0.0 -0.21942387379778194 0.0 0.0 0.0 0.0 0.0
0.0 0.6420540638258814 0.11462187517290728 -0.6420540638258802 0.0 0.0 0.0 -0.4029826100232988 0.0 0.0 0.0 0.0 0.0
0.0 0.0 -0.7421330213107331 0.0 0.0 0.0 0.0 -0.6702526230311993 0.0 0.0 0.0 0.0 0.0
0.0 -0.79235024081955 -0.48383222523773295 -0.2930610479743541 0.0 0.0 0.0 -0.228479092817873 0.0 0.0 0.0 0.0 0.0
0.0 -0.7570950165076875 -0.558229019553987 0.27486889134355535 0.0 0.0 0.0 -0.19908437979556284 0.0 0.0 0.0 0.0 0.0
0.0 -0.1876589322451042 -0.49921649866931783 -0.437870841905243 0.0 0.0 0.0 0.7237652509026445 0.0 0.0 0.0 0.0 0.0
0.0 -0.3686272933506119 0.248066020064306 -0.7155706282688348 0.0 0.0 0.0 -0.5390137699960942 0.0 0.0 0.0 0.0 0.0
0.0 0.03348312468048343 0.2956957198696393 -0.8705612416925682 0.0 0.0 0.0 -0.3918750388518014 0.0 0.0 0.0 0.0 0.0
0.0 -0.5007541153406893 -0.4789235970283096 -0.5878417875738527 0.0 0.0 0.0 -0.4175159122246798 0.0 0.0 0.0 0.0 0.0
0.0 0.6131163759257519 -0.28761722849339966 -0.6131163759257519 0.0 0.0 0.0 -0.40675907982136006 0.0 0.0 0.0 0.0 0.0
0.0 -0.8340796220207246 -0.3662285623269483 -0.3406804089943805 0.0 0.0 0.0 -0.23264712160936657 0.0 0.0 0.0 0.0 0.0
0.0 -0.885648877174587 -0.37756737138628566 -0.18139796279479492 0.0 0.0 0.0 -0.2004088958049068 0.0 0.0 0.0 0.0 0.0
0.0 -0.418018678417171 -0.2782522364327102 -0.7272379747805578 0.0 0.0 0.0 -0.46793269329213316 0.0 0.0 0.0 0.0 0.0
0.0 -0.7564857252322853 -0.5627635908450727 -0.28694286129500474 0.0 0.0 0.0 -0.16938206130159944 0.0 0.0 0.0 0.0 0.0
0.0 -0.6677197240311811 -0.5216461393046202 -0.48352117947085527 0.0 0.0 0.0 -0.21964276562505128 0.0 0.0 0.0 0.0 0.0
0.0 -0.6213102519721168 -0.30166067570829563 -0.5969451440516416 0.0 0.0 0.0 -0.4082044861570291 0.0 0.0 0.0 0.0 0.0
0.0 -0.757220242423683 -0.538931670137155 0.17022780643633187 0.0 0.0 0.0 -0.32740289140884227 0.0 0.0 0.0 0.0 0.0
0.0 -0.7032492446007889 -0.663878955262312 0.18615421180609118 0.0 0.0 0.0 -0.17335467156985845 0.0 0.0 0.0 0.0 0.0
0.0 -0.6024315742239732 -0.4905368266267432 0.6024315742239733 0.0 0.0 0.0 -0.18310111544994834 0.0 0.0 0.0 0.0 0.0
0.0 -0.6284581346824528 -0.7025390089564965 -0.2912366965601611 0.0 0.0 0.0 -0.1632804349044927 0.0 0.0 0.0 0.0 0.0
0.0 -0.708453116509208 -0.6383551387789828 -0.27550954530913646 0.0 0.0 0.0 -0.12120803994128886 0.0 0.0 0.0 0.0 0.0
0.0 -0.608199063863194 -0.7365855141277222 -0.2606567416556546 0.0 0.0 0.0 -0.1399776486536008 0.0 0.0 0.0 0.0 0.0
0.0 -0.6997686350093354 -0.575938671207114 -0.3713058063314841 0.0 0.0 0.0 -0.20186753738499422 0.0 0.0 0.0 0.0 0.0
0.0 -0.907113735416852 -0.28290606264314355 -0.2558525920406502 0.0 0.0 0.0 -0.17789963992071406 0.0 0.0 0.0 0.0 0.0
0.0 -0.9120256125768564 -0.3412703055892349 -0.1868004266723682 0.0 0.0 0.0 -0.12980547415984106 0.0 0.0 0.0 0.0 0.0
0.0 0.0 -0.8278303888874484 0.0 0.0 0.0 0.0 0.5609784730579737 0.0 0.0 0.0 0.0 0.0
0.0 0.0 -0.40376603384022774 0.0 0.0 0.0 0.0 0.9148622792076041 0.0 0.0 0.0 0.0 0.0
0.0 0.0 -0.7274172197697896 0.0 0.0 0.0 0.0 0.6861954447403377 0.0 0.0 0.0 0.0 0.0
0.0 -0.5335281009945769 -0.628524022143352 0.5335281009945769 0.0 0.0 0.0 -0.1888202438484392 0.0 0.0 0.0 0.0 0.0
0.0 -0.48825916945209563 -0.636562238866716 0.48825916945209563 0.0 0.0 0.0 -0.34350325026248785 0.0 0.0 0.0 0.0 0.0
0.0 0.0 -0.7215464576218898 0.0 0.0 0.0 0.0 0.6923660227750221 0.0 0.0 0.0 0.0 0.0
0.0 -0.6606829759604871 -0.5280405037802771 -0.47842560328173206 0.0 0.0 0.0 -0.2361782669255923 0.0 0.0 0.0 0.0 0.0
0.0 -0.7809393538513578 -0.5519905098037247 -0.26031311795045264 0.0 0.0 0.0 -0.13295594501849706 0.0 0.0 0.0 0.0 0.0
0.0 -0.5284181527471152 -0.7341800695102861 -0.3986312380372975 0.0 0.0 0.0 -0.15115229883150758 0.0 0.0 0.0 0.0 0.0
0.0 0.2892916824995519 -0.39349406246985263 -0.28929168249955184 0.0 0.0 0.0 0.8232758150669366 0.0 0.0 0.0 0.0 0.0
0.0 0.6062558491356945 0.35038354633540714 -0.6062558491356951 0.0 0.0 0.0 -0.3770133435767744 0.0 0.0 0.0 0.0 0.0
0.0 -0.7055633716492709 -0.5431064097460914 -0.37991873858037667 0.0 0.0 0.0 -0.25075388004000915 0.0 0.0 0.0 0.0 0.0
0.0 -0.6688636006129294 -0.7146102211105475 -0.17779918497305716 0.0 0.0 0.0 -0.10169152119207647 0.0 0.0 0.0 0.0 0.0
0.0 -0.6933990464386107 -0.6568451552090193 -0.25646266101154097 0.0 0.0 0.0 -0.14825352604017242 0.0 0.0 0.0 0.0 0.0
0.0 -0.7911695661034729 -0.573199906653921 -0.18558298464155537 0.0 0.0 0.0 -0.10512630734079376 0.0 0.0 0.0 0.0 0.0
0.0 0.345515990285697 -0.778338630035936 -0.3455159902856971 0.0 0.0 0.0 -0.3942415223027255 0.0 0.0 0.0 0.0 0.0
0.0 -0.5444791210025556 -0.7849261935964511 0.04495699164241282 0.0 0.0 0.0 -0.29225370194564676 0.0 0.0 0.0 0.0 0.0
0.0 -0.623672757623501 -0.6831913085045623 -0.24253940574247265 0.0 0.0 0.0 -0.29232954699142166 0.0 0.0 0.0 0.0 0.0
0.0 -0.507805426269887 -0.7880888031326523 -0.27343369106840065 0.0 0.0 0.0 -0.21513647765200708 0.0 0.0 0.0 0.0 0.0
0.0 -0.5691455047410248 -0.7967907218800896 -0.17973015939190254 0.0 0.0 0.0 -0.09431335941345341 0.0 0.0 0.0 0.0 0.0
0.0 -0.1377759496050602 -0.5902938777390352 -0.7233237354265664 0.0 0.0 0.0 -0.33071694752884284 0.0 0.0 0.0 0.0 0.0
0.0 -0.32225972376906076 -0.7302042001851116 -0.504047260254172 0.0 0.0 0.0 -0.3299800840938325 0.0 0.0 0.0 0.0 0.0
0.0 -0.42288340289835213 -0.7733836566027563 -0.36023400987637405 0.0 0.0 0.0 -0.30541579098214333 0.0 0.0 0.0 0.0 0.0
0.0 -0.39583536940200126 -0.708286803019485 -0.46467630321104497 0.0 0.0 0.0 -0.3545703008331851 0.0 0.0 0.0 0.0 0.0
0.0 -0.36469531149943624 -0.7190650604558242 -0.5036268587373168 0.0 0.0 0.0 -0.3103268531087405 0.0 0.0 0.0 0.0 0.0
0.0 -0.6330200520248331 -0.7441252964806526 -0.15825501300620828 0.0 0.0 0.0 -0.14324282784999545 0.0 0.0 0.0 0.0 0.0
0.0 -0.7729375628461855 -0.487115536664466 -0.3472618035975616 0.0 0.0 0.0 -0.21141243493147918 0.0 0.0 0.0 0.0 0.0
0.0 -0.7175456320653655 -0.6740431731150027 -0.16831317295360426 0.0 0.0 0.0 -0.04964617297701504 0.0 0.0 0.0 0.0 0.0
0.0 -0.799852352816711 -0.5596752129665192 -0.18761968769774698 0.0 0.0 0.0 -0.10862192445659036 0.0 0.0 0.0 0.0 0.0
0.0 -0.5683487321988737 -0.3234459015343181 -0.6495414082272843 0.0 0.0 0.0 -0.38788970904975223 0.0 0.0 0.0 0.0 0.0
0.0 -0.9126645428965525 -0.11638153129413374 -0.30422151429885086 0.0 0.0 0.0 -0.2468765714902358 0.0 0.0 0.0 0.0 0.0
0.0 -0.6957238283477318 -0.62367542372224 -0.3273994486342268 0.0 0.0 0.0 -0.1407370652957648 0.0 0.0 0.0 0.0 0.0
0.0 -0.6530988230831457 -0.28140423771081174 0.6530988230831462 0.0 0.0 0.0 -0.26026046486782506 0.0 0.0 0.0 0.0 0.0
0.0 0.0 -0.9760289303987397 0.0 0.0 0.0 0.0 -0.2176408211358613 0.0 0.0 0.0 0.0 0.0
0.0 0.0 -0.9719756072093686 0.0 0.0 0.0 0.0 -0.23508172832012963 0.0 0.0 0.0 0.0 0.0
0.0 -0.7667140487796674 -0.5371912771435525 -0.2421202259304213 0.0 0.0 0.0 -0.2548585791378632 0.0 0.0 0.0 0.0 0.0
0.0 -0.5483735811859192 -0.718079602965926 -0.32902414871155145 0.0 0.0 0.0 -0.2745745961050785 0.0 0.0 0.0 0.0 0.0
0.0 0.5864926681379905 0.12289934443631767 -0.5864926681379905 0.0 0.0 0.0 -0.5449297675644862 0.0 0.0 0.0 0.0 0.0
0.0 -0.6165289620075087 -0.3548944520932426 0.6165289620075086 0.0 0.0 0.0 -0.33739295470611846 0.0 0.0 0.0 0.0 0.0
0.0 -0.7790467563670852 -0.49120358271523984 0.2526638128758114 0.0 0.0 0.0 -0.2965909462284592 0.0 0.0 0.0 0.0 0.0
0.0 -0.516254618219345 -0.5821804486054564 0.516254618219345 0.0 0.0 0.0 -0.3578103737958782 0.0 0.0 0.0 0.0 0.0
0.0 -0.5900105917503612 -0.28133642507328 0.5900105917503612 0.0 0.0 0.0 -0.4739460087096038 0.0 0.0 0.0 0.0 0.0
0.0 0.11999413300567852 0.5808503346266288 -0.11999413300567852 0.0 0.0 0.0 -0.7961254328637946 0.0 0.0 0.0 0.0 0.0
0.0 -0.5089382936480779 -0.5319691807091639 0.5089382936480779 0.0 0.0 0.0 -0.44606324360205546 0.0 0.0 0.0 0.0 0.0
0.0 -0.4242694662188335 -0.7579781136843945 0.42426946621883344 0.0 0.0 0.0 -0.2558515570486514 0.0 0.0 0.0 0.0 0.0
0.0 -0.6381821688473284 -0.6817408680516414 -0.286719525134307 0.0 0.0 0.0 -0.21388039204254344 0.0 0.0 0.0 0.0 0.0
0.0 -0.6726631353190565 -0.5387466157275834 -0.4300633160236591 0.0 0.0 0.0 -0.2689273779955221 0.0 0.0 0.0 0.0 0.0
0.0 -0.6902012605583814 -0.5773728061796441 -0.38823820906408957 0.0 0.0 0.0 -0.19883147545238564 0.0 0.0 0.0 0.0 0.0
0.0 -0.7302298378287153 -0.6233716842737875 -0.22431896979052038 0.0 0.0 0.0 -0.166892561195606 0.0 0.0 0.0 0.0 0.0
0.0 0.6454502488519639 0.044460974863927735 -0.6454502488519641 0.0 0.0 0.0 -0.40596942523794155 0.0 0.0 0.0 0.0 0.0
0.0 0.459112201314052 0.688284008921851 -0.459112201314052 0.0 0.0 0.0 -0.32356930675142237 0.0 0.0 0.0 0.0 0.0
0.0 0.5008259010346137 0.16641627722878263 -0.5008259010346137 0.0 0.0 0.0 0.6860411477302566 0.0 0.0 0.0 0.0 0.0
0.0 0.1244406721723759 0.5578434207997758 -0.7170153015646421 0.0 0.0 0.0 -0.39901665917835655 0.0 0.0 0.0 0.0 0.0
0.0 -0.7208691449500386 -0.011628645447861016 -0.5438135654886256 0.0 0.0 0.0 -0.4295104846852944 0.0 0.0 0.0 0.0 0.0
0.0 -0.7033876352880507 -0.023696797624767552 -0.5754989743265869 0.0 0.0 0.0 -0.41651557816636525 0.0 0.0 0.0 0.0 0.0
0.0 -0.36640954353497523 0.2017948233105907 -0.7273502879127122 0.0 0.0 0.0 -0.5440445334389763 0.0 0.0 0.0 0.0 0.0
0.0 -0.3400391723015572 0.06476936615267745 -0.874386443061147 0.0 0.0 0.0 -0.3400391723015572 0.0 0.0 0.0 0.0 0.0
0.0 -0.40473191034907297 0.23902803764045347 -0.6891381176213944 0.0 0.0 0.0 -0.5514946353394428 0.0 0.0 0.0 0.0 0.0
0.0 -0.6112019199851423 -0.3816244743703802 -0.6361489371273928 0.0 0.0 0.0 -0.27587950877093986 0.0 0.0 0.0 0.0 0.0
0.0 0.1896300780519731 0.4946619341971339 -0.7314303010576104 0.0 0.0 0.0 -0.42937130673710183 0.0 0.0 0.0 0.0 0.0
0.0 0.5697387497859823 0.4449133825953299 -0.5697387497859823 0.0 0.0 0.0 -0.39095728151831766 0.0 0.0 0.0 0.0 0.0
0.0 0.16934169237827815 0.6357648554158623 -0.7156052161791754 0.0 0.0 0.0 -0.2345967058968731 0.0 0.0 0.0 0.0 0.0
0.0 -0.07784989441615228 0.4168181542799854 -0.8563488385776752 0.0 0.0 0.0 -0.29473494341303824 0.0 0.0 0.0 0.0 0.0
0.0 -0.5922439350923535 -0.47618204050059 0.5922439350923535 0.0 0.0 0.0 -0.2678523977815821 0.0 0.0 0.0 0.0 0.0
0.0 -0.4867633643109447 -0.6189052825231983 0.4867633643109447 0.0 0.0 0.0 -0.37825798814335865 0.0 0.0 0.0 0.0 0.0
0.0 0.02011506744416114 0.6683918367991634 -0.6906173155828651 0.0 0.0 0.0 -0.2754913065399248 0.0 0.0 0.0 0.0 0.0
0.0 -0.41846745712763156 -0.7696995061893863 0.41846745712763156 0.0 0.0 0.0 -0.23944236221287682 0.0 0.0 0.0 0.0 0.0
0.0 -0.5960476951758581 -0.6974721210317049 0.2013141222117137 0.0 0.0 0.0 -0.34312156687857653 0.0 0.0 0.0 0.0 0.0
0.0 0.498630396569442 0.20082840732419255 -0.498630396569442 0.0 0.0 0.0 0.6800025044407044 0.0 0.0 0.0 0.0 0.0
0.0 0.5029926142509505 0.1746879615684909 -0.5029926142509504 0.0 0.0 0.0 0.6807943713787846 0.0 0.0 0.0 0.0 0.0
0.0 -0.6238967467216718 -0.357140714707774 0.6238967467216718 0.0 0.0 0.0 -0.30652277037480985 0.0 0.0 0.0 0.0 0.0
0.0 -0.5467943853987784 -0.5768670525001975 0.5467943853987784 0.0 0.0 0.0 -0.2631657347233464 0.0 0.0 0.0 0.0 0.0
0.0 0.0 0.0 nan 0.0 0.0 0.0 0.0 0.0 0.0 0.0 0.0 0.0
0.0 -0.6754649678117177 -0.5038068554061093 -0.4693909098352614 0.0 0.0 0.0 -0.2638141456953139 0.0 0.0 0.0 0.0 0.0
0.0 -0.8048886076139766 -0.2872120431769599 -0.4334015579459876 0.0 0.0 0.0 -0.2860535983995672 0.0 0.0 0.0 0.0 0.0
0.0 -0.7604005470022777 -0.2777758038111702 -0.5284139394422607 0.0 0.0 0.0 -0.2557544125500206 0.0 0.0 0.0 0.0 0.0
0.0 0.3828890803755442 -0.17293186241114544 -0.3828890803755442 0.0 0.0 0.0 0.8227311074836984 0.0 0.0 0.0 0.0 0.0
0.0 0.28140460134102935 -0.11490875738869502 -0.28140460134102935 0.0 0.0 0.0 0.9101751909185278 0.0 0.0 0.0 0.0 0.0
0.0 0.4880115087583534 0.17578046190319888 -0.4880115087583534 0.0 0.0 0.0 0.701990572480777 0.0 0.0 0.0 0.0 0.0
0.0 -0.5956701613485801 -0.4168027119824946 0.5956701613485801 0.0 0.0 0.0 -0.3415107861282729 0.0 0.0 0.0 0.0 0.0
0.0 -0.5925075518931514 -0.4186173582775244 0.5925075518931514 0.0 0.0 0.0 -0.3501843932100855 0.0 0.0 0.0 0.0 0.0
0.0 -0.49279129100113367 -0.6078045654982398 0.49279129100113367 0.0 0.0 0.0 -0.3806403777666892 0.0 0.0 0.0 0.0 0.0
0.0 -0.5204583193175688 -0.6063761830410772 0.5204583193175688 0.0 0.0 0.0 -0.3009222496705706 0.0 0.0 0.0 0.0 0.0
0.0 -0.5695981931743396 -0.5114331865939085 0.5695981931743396 0.0 0.0 0.0 -0.2992522219056293 0.0 0.0 0.0 0.0 0.0
0.0 -0.48990694520906647 -0.6138523358071402 0.48990694520906647 0.0 0.0 0.0 -0.3783750518942277 0.0 0.0 0.0 0.0 0.0
0.0 0.3889853627518933 -0.03278610785791703 -0.3889853627518933 0.0 0.0 0.0 -0.8344494270242415 0.0 0.0 0.0 0.0 0.0
0.0 -0.48909554087716484 -0.5632905091763377 -0.28724658749928744 0.0 0.0 0.0 -0.6008150731597454 0.0 0.0 0.0 0.0 0.0
0.0 -0.7129254936307006 -0.6278341124476642 0.227942164630224 0.0 0.0 0.0 -0.21355078403546923 0.0 0.0 0.0 0.0 0.0
0.0 -0.1549657250909097 0.21400028703030388 -0.9519323112727316 0.0 0.0 0.0 -0.15496572509090983 0.0 0.0 0.0 0.0 0.0
